Clamped piezo e in C/m2
 0.       0.       0.      -0.00013 -0.       0.00006
 -0.       0.00001  0.00001 -0.      -0.00009  0.     
 -0.      -0.      -0.       0.       0.      -0.00003
Dynamic piezo e in C/m2
 0.00012  0.00005  0.00005  0.00097  0.00003  0.00028
  0.00333  0.00756  0.00626  0.       0.00076  0.     
  0.00007 -0.00003 -0.00002  0.00121  0.00001  0.00002
Piezo_e in C/m2
 0.00012  0.00005  0.00005  0.00084  0.00003  0.00034
  0.00333  0.00757  0.00627  0.       0.00067  0.     
  0.00007 -0.00003 -0.00002  0.00121  0.00001 -0.00001
Norm of clamped, dynamic and final e in C/m2 0.00014374955640162828 0.010393237210791051 0.0104003467726267