Clamped piezo e in C/m2
 0.02157 -0.05931  0.03339  0.       0.03259  0.     
  0.       0.       0.      -0.0078   0.      -0.04077
  0.0198  -0.01113 -0.00841  0.       0.02159  0.     
Dynamic piezo e in C/m2
 0.50575 -0.02755  0.38185 -0.       0.37009  0.     
 -0.00006  0.00001 -0.00004  0.04499 -0.00003  0.04024
 -0.53798  0.07624 -0.36312  0.      -0.4267  -0.     
Piezo_e in C/m2
 0.52732 -0.08686  0.41524  0.       0.40268  0.     
 -0.00006  0.00001 -0.00004  0.03719 -0.00003 -0.00053
 -0.51818  0.06511 -0.37153  0.      -0.40511  0.     
Norm of clamped, dynamic and final e in C/m2 0.081074004365471 1.0705452180709087 1.0928303685840564