Clamped piezo e in C/m2
 0.       0.      -0.      -0.00786 -0.      -0.02717
  0.00121 -0.09179  0.05512 -0.       0.00883  0.     
 -0.      -0.       0.       0.04104 -0.       0.00774
Dynamic piezo e in C/m2
 0.00034 -0.0001  -0.00035  0.00034 -0.001    0.00705
  0.02532  0.09028 -0.01046 -0.       0.0403  -0.     
 -0.00011 -0.00006 -0.00002 -0.04006  0.00012 -0.0012 
Piezo_e in C/m2
 0.00034 -0.0001  -0.00035 -0.00752 -0.001   -0.02012
  0.02653 -0.00151  0.04466 -0.       0.04913  0.     
 -0.00011 -0.00006 -0.00002  0.00098  0.00012  0.00654
Norm of clamped, dynamic and final e in C/m2 0.10743859408983347 0.10259246842055102 0.07151965198562042