Clamped piezo e in C/m2
-0.01236  0.01577  0.02757 -0.       0.03403  0.     
  0.      -0.       0.      -0.12091 -0.       0.02405
  0.04129 -0.11538  0.04027  0.       0.04355 -0.     
Dynamic piezo e in C/m2
 0.04964  0.01046 -0.05365 -0.      -0.05121 -0.     
 -0.00018  0.0001   0.00007  0.15462  0.00003 -0.0004 
 -0.07338  0.12198 -0.03931 -0.      -0.04197 -0.     
Piezo_e in C/m2
 0.03728  0.02623 -0.02608 -0.      -0.01718  0.     
 -0.00018  0.0001   0.00007  0.03371  0.00003  0.02365
 -0.03209  0.0066   0.00096  0.       0.00158 -0.     
Norm of clamped, dynamic and final e in C/m2 0.13616140284128844 0.1546317990392239 0.05937545099976776